5   0.10476190476190467   0.09368364791859912
6   0.0865079365079364    0.0746904553398523
7   0.06846999154691448   0.060474145619783655
8   0.06464097496706213   0.05110437501035475
9   0.055478715229752874  0.047004527266103234
10  0.045841716968477754  0.031855273388165864
11  0.043454545454546196  0.03652534941889244
12  0.038222222222222844  0.02545842031019808
13  0.036025641025641174  0.023417847980750407
14  0.032666666666667246  0.020101549543431834
15  0.030911111111111007
16  0.02849999999999983
17  0.02658823529411756
20  0.022933333333333493
